;machine=10 (c64m)
	.db 0,0,0,0,0,0,0,0
	.db 0,0,0,0,0,0,3,13
	.db 0,0,0,0,0,0,85,85
	.db 0,0,0,0,0,0,85,85
	.db 0,0,0,0,0,0,0,64
	.db 0,0,0,0,0,4,4,12
	.db 0,0,0,0,0,0,53,21
	.db 0,0,0,0,0,0,0,0
	.db 0,0,0,0,0,0,13,53
	.db 0,0,0,0,0,0,85,85
	.db 0,0,0,0,0,0,84,85
	.db 0,0,0,0,0,0,0,0
	.db 0,0,0,0,0,0,0,0
	.db 0,0,0,0,0,0,13,53
	.db 0,0,0,0,0,0,85,85
	.db 0,0,0,0,0,0,84,85
	.db 0,0,0,0,0,0,0,0
	.db 0,0,0,0,0,0,0,0
	.db 0,0,0,0,0,0,0,0
	.db 0,0,0,0,0,0,0,0
	.db 0,0,0,0,0,0,0,0
	.db 0,0,0,0,0,0,0,0
	.db 0,0,0,0,0,0,0,0
	.db 0,0,0,0,0,0,0,0
	.db 0,0,0,0,0,0,0,0
	.db 0,0,0,0,0,0,0,0
	.db 0,0,0,0,0,0,0,0
	.db 0,0,0,0,0,0,0,0
	.db 0,0,0,0,0,0,0,0
	.db 0,0,0,0,0,0,0,0
	.db 0,0,0,0,0,0,0,0
	.db 0,0,0,0,0,0,0,0
	.db 0,0,0,0,0,0,0,0
	.db 0,0,0,0,0,0,0,0
	.db 0,0,0,0,0,0,0,0
	.db 0,0,0,0,0,0,0,0
	.db 0,0,0,0,0,0,0,1
	.db 0,0,0,0,0,3,63,255
	.db 0,0,0,0,63,255,255,255
	.db 0,0,0,0,192,208,208,224

	.db 0,0,3,1,13,5,5,5
	.db 53,213,85,84,80,64,64,64
	.db 85,85,0,0,0,0,0,0
	.db 85,85,1,0,0,0,0,0
	.db 80,84,85,87,21,5,5,5
	.db 8,46,46,191,110,110,72,72
	.db 85,85,85,229,85,21,21,21
	.db 0,3,13,5,53,21,21,21
	.db 213,85,84,80,64,0,0,0
	.db 85,85,0,0,0,0,0,0
	.db 85,85,5,1,0,0,0,0
	.db 64,80,84,84,85,21,21,21
	.db 0,3,13,5,53,21,21,21
	.db 213,85,84,80,64,0,0,0
	.db 85,85,0,0,0,0,0,0
	.db 85,85,5,1,0,0,0,0
	.db 64,64,80,80,80,80,80,80
	.db 0,0,0,0,0,0,0,0
	.db 0,0,0,0,0,0,0,0
	.db 0,0,0,0,0,0,0,0
	.db 0,0,0,0,0,0,0,0
	.db 0,0,0,0,0,0,0,0
	.db 0,0,0,0,0,0,0,0
	.db 0,0,0,0,0,0,0,0
	.db 0,0,0,0,0,0,0,0
	.db 0,0,0,0,0,0,0,0
	.db 0,0,0,0,0,0,0,0
	.db 0,0,0,0,0,0,0,0
	.db 0,0,0,0,0,0,0,0
	.db 0,0,0,0,0,0,0,0
	.db 0,0,0,0,0,0,0,0
	.db 0,0,0,0,0,0,0,0
	.db 0,0,0,0,0,0,0,1
	.db 0,0,0,0,0,2,47,255
	.db 0,0,0,2,47,255,255,255
	.db 0,2,47,255,255,255,255,255
	.db 47,255,255,255,255,255,255,255
	.db 255,255,255,255,255,255,255,255
	.db 255,255,255,255,255,255,255,255
	.db 224,224,208,192,192,64,128,128

	.db 5,5,5,1,3,0,0,0
	.db 64,64,80,84,245,175,42,10
	.db 0,0,0,0,0,213,181,175
	.db 0,0,0,0,3,85,85,85
	.db 5,5,53,213,85,84,80,64
	.db 76,76,64,0,0,0,0,0
	.db 21,21,21,21,21,21,21,21
	.db 21,21,21,5,5,1,0,0
	.db 0,0,64,80,84,85,85,21
	.db 0,0,0,0,0,85,85,85
	.db 0,0,0,3,13,85,85,85
	.db 21,21,213,84,84,80,80,80
	.db 0,0,0,0,0,0,0,0
	.db 0,0,0,0,0,0,0,0
	.db 0,0,0,0,0,0,0,0
	.db 3,1,1,13,5,53,213,86
	.db 80,80,80,64,64,64,0,0
	.db 0,0,0,0,0,0,0,0
	.db 0,0,0,0,0,0,0,0
	.db 0,0,0,0,0,0,0,0
	.db 0,0,0,0,0,0,0,0
	.db 0,0,0,0,0,0,0,0
	.db 0,0,0,0,0,0,0,0
	.db 0,0,0,0,0,0,0,0
	.db 0,0,0,0,0,0,0,0
	.db 0,0,0,0,0,0,0,0
	.db 0,0,0,0,0,0,0,0
	.db 0,0,0,0,0,0,0,0
	.db 0,0,0,0,0,0,0,1
	.db 0,0,0,0,0,2,43,191
	.db 0,0,0,0,0,168,248,248
	.db 0,0,3,15,47,63,191,255
	.db 53,85,85,85,85,85,85,85
	.db 255,255,255,255,255,255,255,255
	.db 255,255,255,255,255,255,255,255
	.db 85,85,85,85,85,85,101,130
	.db 255,255,255,255,255,255,255,255
	.db 255,255,255,255,255,255,255,255
	.db 255,255,255,255,255,255,254,254
	.db 192,128,0,0,0,0,0,0

	.db 0,0,0,0,0,0,1,1
	.db 3,0,1,5,21,85,85,84
	.db 170,42,122,95,85,85,0,0
	.db 245,160,170,170,250,95,1,0
	.db 0,0,0,128,160,252,85,85
	.db 0,0,0,0,0,0,0,0
	.db 21,21,53,47,42,42,58,31
	.db 0,0,0,0,0,0,0,0
	.db 5,0,0,0,0,0,0,0
	.db 85,0,0,0,0,0,0,0
	.db 85,1,1,1,3,2,2,2
	.db 80,80,80,240,160,160,172,244
	.db 0,0,0,0,0,0,0,0
	.db 0,0,0,0,0,2,15,21
	.db 3,10,42,42,171,188,212,80
	.db 84,160,160,128,0,0,0,0
	.db 0,0,0,0,0,0,0,0
	.db 0,0,0,0,0,0,0,0
	.db 0,0,0,0,0,0,0,0
	.db 0,0,0,0,0,0,0,0
	.db 0,0,0,0,0,0,0,0
	.db 0,0,0,0,0,0,0,0
	.db 0,0,0,0,0,0,0,0
	.db 0,0,0,0,0,0,0,0
	.db 0,0,0,0,0,0,0,3
	.db 0,0,0,0,0,2,47,127
	.db 0,0,0,2,27,191,255,255
	.db 0,2,43,191,255,255,255,255
	.db 43,191,255,255,255,255,255,255
	.db 255,255,255,255,255,255,255,255
	.db 252,254,250,250,249,241,241,249
	.db 255,255,255,255,255,255,255,255
	.db 255,255,255,255,255,255,255,255
	.db 255,254,248,226,254,240,243,236
	.db 255,124,31,207,28,60,52,63
	.db 48,115,195,15,243,7,127,255
	.db 255,255,255,255,255,255,255,255
	.db 255,255,255,255,255,255,255,255
	.db 253,252,252,252,244,248,248,248
	.db 0,0,0,0,0,0,0,0

	.db 5,5,9,14,15,11,10,2
	.db 80,64,64,128,192,192,176,172
	.db 0,0,0,0,0,0,0,0
	.db 0,0,0,0,0,0,0,0
	.db 21,5,5,10,15,15,58,234
	.db 64,64,128,192,192,128,128,0
	.db 21,21,26,47,63,58,42,42
	.db 0,0,0,0,0,0,3,2
	.db 0,0,0,0,0,0,192,176
	.db 0,0,0,0,0,0,0,0
	.db 0,0,0,0,0,0,0,3
	.db 85,21,22,43,63,62,234,168
	.db 0,0,1,10,15,47,42,42
	.db 21,85,84,84,240,128,0,0
	.db 64,0,0,0,0,0,0,0
	.db 0,0,0,0,0,0,0,0
	.db 0,0,0,0,0,0,0,96
	.db 0,0,0,0,0,0,0,0
	.db 0,0,0,0,0,0,0,0
	.db 0,0,0,0,0,0,0,0
	.db 0,0,0,0,0,0,0,3
	.db 0,0,0,0,0,2,47,255
	.db 0,0,0,0,47,255,255,255
	.db 0,0,2,3,139,143,79,79
	.db 11,47,191,255,255,255,255,255
	.db 255,255,255,255,255,255,255,255
	.db 255,255,255,255,255,255,255,255
	.db 255,255,255,255,255,251,227,195
	.db 255,255,255,255,255,255,255,255
	.db 255,255,255,255,255,255,255,255
	.db 107,107,111,79,79,79,175,175
	.db 255,255,255,255,255,255,255,255
	.db 255,255,255,255,255,255,255,255
	.db 192,215,255,255,255,255,255,255
	.db 255,255,255,255,255,255,255,255
	.db 255,255,255,255,255,255,255,255
	.db 255,255,255,255,255,255,255,255
	.db 255,255,255,255,255,255,255,254
	.db 244,240,240,224,192,64,0,0
	.db 0,0,0,0,0,0,0,0

	.db 3,0,0,0,0,0,0,0
	.db 255,255,63,15,3,0,0,0
	.db 0,255,255,255,255,0,0,0
	.db 3,255,255,255,255,0,0,0
	.db 255,252,240,192,0,0,0,0
	.db 0,0,0,0,0,0,0,0
	.db 63,63,63,63,63,0,0,0
	.db 3,3,3,0,0,0,0,0
	.db 240,255,255,255,255,0,0,0
	.db 0,255,170,170,170,0,0,0
	.db 14,170,170,170,168,0,0,0
	.db 252,240,192,0,0,0,0,0
	.db 63,63,63,63,63,0,0,0
	.db 0,165,170,170,170,0,0,0
	.db 0,85,170,170,170,0,0,0
	.db 2,90,170,170,170,0,0,0
	.db 240,240,240,192,192,0,0,0
	.db 0,0,0,0,0,0,11,47
	.db 0,0,0,0,15,255,255,255
	.db 0,0,15,255,255,255,255,255
	.db 47,255,255,255,255,255,255,255
	.db 255,255,255,255,255,255,255,255
	.db 255,255,255,255,255,255,254,254
	.db 175,159,31,63,127,63,255,255
	.db 255,255,255,255,255,255,255,255
	.db 253,252,243,243,209,196,204,193
	.db 234,40,168,160,170,170,168,171
	.db 11,143,195,15,47,63,255,255
	.db 255,255,255,255,255,255,255,255
	.db 255,255,255,253,253,253,252,252
	.db 191,63,63,63,191,191,191,255
	.db 255,255,255,255,255,255,255,255
	.db 255,255,255,255,255,255,255,255
	.db 255,255,255,255,255,255,255,254
	.db 255,255,255,255,255,255,240,2
	.db 255,255,255,255,244,0,26,170
	.db 255,255,252,192,10,170,170,170
	.db 164,144,0,80,252,255,255,255
	.db 0,0,0,0,0,0,192,192
	.db 0,0,0,0,0,0,0,0

	.db 0,0,0,0,0,0,0,0
	.db 0,0,0,0,0,0,0,0
	.db 0,0,0,0,0,0,0,0
	.db 0,0,0,0,0,0,0,0
	.db 0,0,0,0,0,0,0,0
	.db 0,0,0,0,0,0,0,0
	.db 0,0,0,0,0,0,0,0
	.db 0,0,0,0,0,0,0,0
	.db 0,0,0,0,0,0,0,0
	.db 0,0,0,0,0,0,0,0
	.db 0,0,0,0,0,0,0,0
	.db 0,0,0,0,0,0,0,0
	.db 0,0,0,0,0,0,0,0
	.db 0,0,0,0,0,0,11,191
	.db 0,0,0,0,11,191,255,255
	.db 0,0,11,191,255,255,255,255
	.db 0,184,252,254,254,241,241,241
	.db 63,127,255,255,255,255,255,255
	.db 255,255,255,255,255,255,255,255
	.db 255,255,255,255,255,239,194,35
	.db 255,255,255,248,224,206,204,128
	.db 170,170,170,170,106,42,106,170
	.db 255,252,252,253,253,253,241,241
	.db 255,255,255,255,255,255,255,255
	.db 255,255,255,255,255,255,255,255
	.db 235,255,255,255,255,255,255,255
	.db 255,255,255,255,255,255,255,255
	.db 255,255,255,255,255,255,255,255
	.db 255,255,255,255,255,255,255,254
	.db 252,250,250,208,224,64,128,0
	.db 255,255,255,255,126,0,2,26
	.db 255,255,255,240,2,26,170,170
	.db 170,168,128,15,255,255,255,255
	.db 128,7,127,255,255,255,255,255
	.db 63,255,255,255,255,255,255,255
	.db 255,255,255,255,255,255,255,255
	.db 255,255,255,255,255,255,255,255
	.db 255,255,255,255,253,253,255,253
	.db 0,0,0,0,0,0,0,0
	.db 0,0,0,0,0,0,0,0

	.db 0,0,0,0,0,0,0,0
	.db 0,0,0,0,0,0,0,0
	.db 0,0,0,0,0,0,0,0
	.db 0,0,0,0,0,0,0,0
	.db 0,0,0,0,0,0,0,0
	.db 0,0,0,0,0,0,0,0
	.db 0,0,0,0,0,0,0,0
	.db 0,0,0,0,0,0,0,0
	.db 0,0,0,0,0,0,0,0
	.db 0,0,0,0,0,0,0,0
	.db 0,0,0,0,0,0,0,0
	.db 0,0,2,9,5,37,21,149
	.db 11,191,255,255,255,255,255,255
	.db 255,255,255,255,255,255,255,255
	.db 255,255,255,255,255,255,255,252
	.db 255,255,255,255,255,255,63,63
	.db 91,91,79,79,111,111,191,63
	.db 255,255,255,255,255,253,252,255
	.db 207,15,207,143,63,63,63,255
	.db 51,203,63,3,15,191,255,255
	.db 50,56,130,203,239,255,255,255
	.db 255,255,255,255,255,255,255,255
	.db 111,111,111,79,79,191,191,63
	.db 255,255,255,255,255,255,255,255
	.db 255,255,255,255,255,255,254,228
	.db 255,255,255,255,255,250,162,37
	.db 255,255,255,255,208,5,85,85
	.db 170,170,149,87,127,255,255,255
	.db 80,128,40,170,170,170,170,170
	.db 0,2,3,11,15,111,111,127
	.db 191,255,255,255,255,255,255,255
	.db 255,255,255,255,255,255,255,255
	.db 255,255,255,255,255,255,255,255
	.db 255,255,255,255,255,255,252,240
	.db 255,255,255,255,255,255,255,63
	.db 255,255,255,255,255,255,255,255
	.db 255,255,255,255,255,255,255,255
	.db 252,252,252,244,244,252,252,240
	.db 0,0,0,0,0,0,0,0
	.db 0,0,0,0,0,0,0,0

	.db 0,0,0,0,0,0,0,0
	.db 0,0,0,0,0,0,0,0
	.db 0,0,0,0,0,0,0,0
	.db 0,0,0,0,0,0,0,0
	.db 0,0,0,0,0,0,0,0
	.db 0,0,0,0,0,0,0,0
	.db 0,0,0,0,0,0,0,0
	.db 0,0,0,0,0,0,0,0
	.db 0,0,0,0,0,0,0,0
	.db 0,0,0,0,0,0,0,0
	.db 0,0,0,0,2,2,3,3
	.db 191,255,255,255,252,255,252,252
	.db 255,255,253,60,51,48,243,240
	.db 252,242,51,60,51,48,48,251
	.db 44,50,32,252,252,50,255,255
	.db 63,63,191,254,252,252,254,249
	.db 63,63,191,255,255,255,255,255
	.db 255,255,255,255,255,255,255,255
	.db 255,255,255,255,255,255,255,255
	.db 255,255,255,255,255,255,255,255
	.db 255,255,255,255,255,255,248,130
	.db 255,254,252,248,224,128,0,0
	.db 42,42,31,0,5,21,85,85
	.db 169,148,7,255,255,255,255,255
	.db 129,149,85,85,85,85,85,85
	.db 85,85,85,85,85,85,85,85
	.db 85,85,85,85,85,85,85,85
	.db 85,85,85,85,85,85,85,85
	.db 255,255,255,254,254,254,252,252
	.db 63,63,127,127,127,255,255,255
	.db 255,255,255,255,255,255,255,255
	.db 255,255,255,255,255,255,255,255
	.db 243,227,15,207,207,143,63,63
	.db 243,207,192,193,79,76,64,209
	.db 127,255,255,63,63,127,255,255
	.db 255,255,255,255,255,255,255,255
	.db 255,255,255,255,255,255,255,255
	.db 240,240,208,208,208,240,192,192
	.db 0,0,0,0,0,0,0,0
	.db 0,0,0,0,0,0,0,0

	.db 0,0,0,0,0,0,0,0
	.db 0,0,0,0,0,0,0,0
	.db 0,0,0,0,0,0,0,0
	.db 0,0,0,0,0,0,0,0
	.db 0,0,0,0,0,0,0,0
	.db 0,0,0,0,0,0,0,0
	.db 0,0,0,0,0,0,0,0
	.db 0,0,0,0,0,0,0,0
	.db 0,0,0,0,0,0,0,0
	.db 0,0,0,0,0,0,0,0
	.db 11,11,15,15,47,47,63,63
	.db 252,240,255,255,255,255,255,255
	.db 161,170,170,170,170,170,170,170
	.db 255,255,255,255,255,255,255,255
	.db 255,255,255,255,255,255,255,254
	.db 249,241,241,225,201,201,128,0
	.db 255,255,255,255,255,244,1,85
	.db 255,255,255,252,65,21,85,85
	.db 170,169,144,5,85,85,85,85
	.db 80,10,170,170,170,170,170,170
	.db 21,85,85,85,85,85,85,85
	.db 162,161,169,169,165,133,133,133
	.db 85,85,85,85,85,85,85,85
	.db 85,85,85,85,85,85,85,85
	.db 85,85,85,85,85,85,85,84
	.db 255,255,255,255,239,143,15,47
	.db 85,85,85,85,85,85,85,85
	.db 85,85,85,85,85,85,85,85
	.db 254,248,248,250,242,241,233,225
	.db 255,255,255,255,255,255,255,255
	.db 255,255,255,255,255,255,255,255
	.db 254,248,255,255,255,255,255,255
	.db 7,15,255,255,255,255,255,255
	.db 174,170,170,170,170,170,170,170
	.db 255,255,255,255,255,255,255,255
	.db 255,255,255,255,255,255,255,255
	.db 255,255,255,255,255,255,255,252
	.db 128,128,192,192,64,0,0,0
	.db 0,0,0,0,0,0,0,0
	.db 0,0,0,0,0,0,0,0

	.db 0,0,0,0,0,0,0,0
	.db 0,0,0,0,0,0,0,0
	.db 0,0,0,0,0,0,0,0
	.db 0,0,0,0,0,0,0,0
	.db 0,0,0,0,0,0,0,0
	.db 0,0,0,0,0,0,0,0
	.db 0,0,0,0,0,0,0,0
	.db 0,0,0,0,0,0,0,0
	.db 0,0,0,0,0,0,0,0
	.db 0,0,0,0,3,3,3,0
	.db 191,191,255,255,255,255,255,188
	.db 255,255,255,255,255,254,192,42
	.db 255,255,255,255,240,5,85,85
	.db 170,170,164,1,21,85,85,85
	.db 88,64,32,168,168,170,168,168
	.db 2,10,42,42,170,170,170,170
	.db 85,85,85,85,85,85,85,85
	.db 85,85,85,85,85,85,85,85
	.db 85,85,85,85,85,85,85,85
	.db 85,85,85,85,85,85,85,85
	.db 170,170,170,170,170,170,170,168
	.db 165,149,21,21,21,149,149,85
	.db 85,85,85,85,85,85,85,85
	.db 85,85,85,85,85,85,85,85
	.db 241,243,192,252,252,252,243,247
	.db 21,5,21,149,85,85,85,85
	.db 85,85,85,85,85,85,85,85
	.db 85,85,85,85,85,85,85,85
	.db 107,79,79,79,175,143,175,63
	.db 255,255,255,255,255,255,255,255
	.db 255,255,255,255,255,255,255,255
	.db 255,255,255,255,255,255,255,255
	.db 255,255,255,255,255,255,255,255
	.db 255,255,255,255,255,255,255,212
	.db 255,255,255,255,255,255,240,1
	.db 255,255,255,255,255,128,10,85
	.db 252,244,192,64,0,0,0,80
	.db 0,0,0,0,0,0,0,0
	.db 0,0,0,0,0,0,0,0
	.db 0,0,0,0,0,0,0,0

	.db 0,0,0,0,0,0,0,0
	.db 0,0,0,0,0,0,0,0
	.db 0,0,0,0,0,0,0,0
	.db 0,0,0,0,0,0,0,0
	.db 0,0,0,0,0,0,0,0
	.db 0,0,0,0,0,0,0,0
	.db 0,0,0,0,0,0,0,0
	.db 0,0,0,0,0,0,0,0
	.db 0,0,0,0,0,0,0,0
	.db 0,0,0,2,10,10,42,42
	.db 2,42,170,170,170,170,170,170
	.db 85,85,85,85,85,85,85,85
	.db 85,85,85,85,85,85,85,85
	.db 85,85,85,85,85,85,85,85
	.db 170,170,170,162,162,170,170,138
	.db 85,85,85,85,85,85,85,85
	.db 85,85,85,85,85,85,85,85
	.db 85,85,85,85,85,85,85,85
	.db 85,85,85,85,85,85,85,85
	.db 85,85,85,85,85,85,85,85
	.db 168,168,170,170,163,163,163,171
	.db 85,85,85,85,85,85,85,85
	.db 85,85,85,85,85,85,85,85
	.db 85,85,85,85,85,85,85,85
	.db 85,85,85,85,85,85,85,85
	.db 85,85,85,85,85,85,85,85
	.db 85,85,85,85,85,85,85,85
	.db 85,85,86,84,88,88,96,64
	.db 63,63,191,63,63,14,0,1
	.db 255,255,255,255,255,192,9,85
	.db 255,255,255,248,0,21,85,85
	.db 170,170,160,1,87,255,255,255
	.db 255,192,9,85,85,85,85,85
	.db 0,26,170,170,170,170,170,170
	.db 106,170,170,170,170,170,170,170
	.db 85,85,85,85,85,85,85,85
	.db 160,164,168,164,164,164,160,160
	.db 0,0,0,0,0,0,0,0
	.db 0,0,0,0,0,0,0,0
	.db 0,0,0,0,0,0,0,0

	.db 0,0,0,0,0,0,0,0
	.db 0,0,0,0,0,0,0,0
	.db 0,0,0,0,0,0,0,0
	.db 0,0,0,0,0,0,0,0
	.db 0,0,0,0,0,0,0,0
	.db 0,0,0,0,0,0,0,0
	.db 0,0,0,0,0,0,0,0
	.db 0,0,0,0,0,0,0,0
	.db 0,0,0,0,0,3,3,3
	.db 42,170,170,170,170,170,170,170
	.db 85,85,85,85,85,85,85,85
	.db 85,85,85,85,85,85,85,85
	.db 85,85,85,85,85,85,85,85
	.db 170,170,170,170,170,170,170,170
	.db 138,170,170,170,42,42,170,170
	.db 85,85,85,85,85,85,85,85
	.db 85,85,85,85,85,85,85,85
	.db 85,85,85,85,85,85,85,85
	.db 85,85,85,85,85,85,85,85
	.db 170,170,170,170,170,170,170,170
	.db 169,133,133,133,165,165,37,37
	.db 170,170,170,170,170,170,170,170
	.db 170,170,170,170,170,170,168,0
	.db 170,170,170,170,170,160,1,85
	.db 170,170,170,170,128,5,85,85
	.db 255,255,252,0,21,85,85,85
	.db 255,240,0,85,85,85,85,85
	.db 0,0,0,195,195,205,253,201
	.db 10,42,170,170,170,170,170,170
	.db 85,85,85,85,85,85,85,85
	.db 85,85,85,85,85,85,85,85
	.db 85,85,85,85,85,85,85,85
	.db 85,85,85,85,85,85,85,85
	.db 85,85,85,85,85,85,85,85
	.db 85,85,85,85,85,85,85,85
	.db 85,85,85,85,85,85,85,85
	.db 240,240,224,224,224,224,192,192
	.db 0,0,0,0,0,0,0,0
	.db 0,0,0,0,0,0,0,0
	.db 0,0,0,0,0,0,0,0

	.db 0,0,0,0,0,0,0,0
	.db 0,0,0,0,0,0,0,0
	.db 0,0,0,0,0,0,0,0
	.db 0,0,0,0,0,0,0,0
	.db 0,0,0,0,0,0,0,0
	.db 0,0,0,0,0,0,0,0
	.db 0,0,0,0,0,0,0,0
	.db 0,0,0,0,0,0,0,0
	.db 2,10,10,10,10,10,42,42
	.db 85,85,85,85,85,85,85,85
	.db 85,85,85,85,85,85,85,85
	.db 85,85,85,85,85,85,85,85
	.db 85,85,85,85,85,85,85,85
	.db 168,168,170,170,170,162,162,162
	.db 85,85,85,85,85,85,85,85
	.db 170,170,170,170,170,170,170,170
	.db 170,170,170,170,170,170,168,0
	.db 170,170,170,170,170,160,2,170
	.db 170,170,170,168,0,10,170,170
	.db 84,80,64,0,0,64,80,80
	.db 3,0,2,10,42,170,170,170
	.db 192,10,170,170,170,170,170,170
	.db 42,170,170,170,170,170,170,170
	.db 85,85,85,85,85,85,85,85
	.db 85,85,85,85,85,85,85,85
	.db 85,85,85,85,85,85,85,85
	.db 85,85,85,85,85,85,85,85
	.db 133,133,165,165,165,21,21,21
	.db 85,85,85,85,85,85,85,85
	.db 85,85,85,85,85,85,85,85
	.db 170,170,170,170,170,170,168,170
	.db 170,170,170,130,0,20,100,128
	.db 170,170,170,170,170,170,170,170
	.db 85,85,85,85,85,85,85,85
	.db 85,85,85,85,85,85,85,85
	.db 170,170,170,170,170,170,170,170
	.db 128,128,192,192,64,0,0,0
	.db 0,0,0,0,0,0,0,0
	.db 0,0,0,0,0,0,0,0
	.db 0,0,0,0,0,0,0,0

	.db 0,0,0,0,0,0,0,0
	.db 0,0,0,0,0,0,0,0
	.db 0,0,0,0,0,0,0,0
	.db 0,0,0,0,0,0,0,0
	.db 0,0,0,0,0,0,0,0
	.db 0,0,0,0,0,0,0,0
	.db 0,0,0,0,0,0,0,0
	.db 0,0,0,0,0,0,3,3
	.db 42,42,170,170,170,170,170,170
	.db 170,170,170,170,170,170,170,170
	.db 170,170,170,170,170,170,168,0
	.db 170,170,170,170,170,160,2,170
	.db 170,170,170,168,128,0,168,170
	.db 130,128,0,0,2,10,42,42
	.db 170,160,2,170,170,170,170,170
	.db 128,10,170,170,170,170,170,170
	.db 42,170,170,170,170,170,170,170
	.db 85,85,85,85,85,85,85,85
	.db 85,85,85,85,85,85,85,85
	.db 162,162,162,170,170,138,138,138
	.db 85,85,85,85,85,85,85,85
	.db 85,85,85,85,85,85,85,85
	.db 85,85,85,85,85,85,85,85
	.db 170,170,170,170,170,170,170,170
	.db 85,85,85,85,85,85,85,85
	.db 85,85,85,85,85,85,85,85
	.db 170,170,170,168,168,168,170,170
	.db 106,106,106,170,170,170,170,170
	.db 85,85,85,85,85,85,85,85
	.db 85,85,85,85,85,85,85,85
	.db 170,170,169,164,160,170,170,170
	.db 134,74,24,1,6,170,170,170
	.db 85,85,85,85,85,85,85,85
	.db 85,85,85,85,85,85,85,85
	.db 85,85,85,85,85,85,85,85
	.db 170,169,169,169,168,168,168,168
	.db 0,0,0,0,0,0,0,0
	.db 0,0,0,0,0,0,0,0
	.db 0,0,0,0,0,0,0,0
	.db 0,0,0,0,0,0,0,0

	.db 0,0,0,0,0,0,0,0
	.db 0,0,0,0,0,0,0,0
	.db 0,0,0,0,0,0,0,0
	.db 0,0,0,0,0,0,0,0
	.db 0,0,0,0,0,0,0,0
	.db 0,0,0,0,0,0,0,0
	.db 0,0,0,0,0,0,0,0
	.db 2,0,0,0,2,10,10,42
	.db 170,160,2,170,170,170,170,170
	.db 128,10,170,170,170,170,170,170
	.db 42,170,170,170,170,170,170,170
	.db 85,85,85,85,85,85,85,85
	.db 170,170,168,168,170,170,170,162
	.db 170,170,170,170,170,170,170,170
	.db 85,85,85,85,85,85,85,85
	.db 85,85,85,85,85,85,85,85
	.db 85,85,85,85,85,85,85,85
	.db 85,85,85,85,85,85,85,85
	.db 170,170,170,170,170,170,170,168
	.db 138,170,42,42,42,42,170,170
	.db 85,85,85,85,85,85,85,85
	.db 85,85,85,85,85,85,85,85
	.db 85,85,85,85,85,85,85,85
	.db 85,85,85,85,85,85,85,85
	.db 85,85,85,85,85,85,85,85
	.db 85,85,85,85,85,85,85,85
	.db 170,161,161,161,169,169,169,133
	.db 85,85,85,85,85,85,85,85
	.db 85,85,85,85,85,85,85,85
	.db 85,85,85,85,85,85,85,85
	.db 85,85,85,85,85,85,85,85
	.db 85,85,85,85,85,85,85,85
	.db 85,85,85,85,85,85,85,85
	.db 85,85,85,85,85,85,85,85
	.db 85,85,85,85,85,85,85,85
	.db 244,244,244,244,240,240,192,192
	.db 0,0,0,0,0,0,0,0
	.db 0,0,0,0,0,0,0,0
	.db 0,0,0,0,0,0,0,0
	.db 0,0,0,0,0,0,0,0

	.db 0,0,0,0,0,0,0,0
	.db 0,0,0,0,0,0,0,0
	.db 0,0,0,0,0,0,0,0
	.db 0,0,0,0,0,0,0,0
	.db 0,0,0,0,0,0,0,0
	.db 0,0,0,0,0,0,0,0
	.db 0,0,0,0,0,0,3,3
	.db 42,42,170,170,170,170,170,170
	.db 85,85,85,85,85,85,85,85
	.db 85,85,85,85,85,85,85,85
	.db 85,85,85,85,85,85,85,85
	.db 85,85,85,85,85,85,85,85
	.db 162,170,170,138,138,170,170,170
	.db 85,85,85,85,85,85,85,85
	.db 85,85,85,85,85,85,85,85
	.db 85,85,85,85,85,85,85,85
	.db 85,85,85,85,85,85,85,85
	.db 85,85,85,85,85,85,85,85
	.db 168,168,168,170,162,162,162,162
	.db 85,85,85,85,85,85,85,85
	.db 85,85,85,85,85,85,85,85
	.db 85,85,85,85,85,85,85,85
	.db 85,85,85,85,85,85,85,85
	.db 85,85,85,85,85,85,85,85
	.db 85,85,85,85,85,85,85,85
	.db 85,85,85,85,85,85,85,84
	.db 133,165,165,165,149,21,21,37
	.db 85,85,85,85,85,85,85,85
	.db 85,85,85,85,85,85,85,85
	.db 170,170,170,170,170,170,170,170
	.db 170,170,170,170,170,170,170,84
	.db 170,170,170,170,170,170,148,5
	.db 170,170,170,170,170,148,1,106
	.db 170,170,170,170,148,1,106,170
	.db 170,169,164,144,0,144,168,169
	.db 192,0,0,0,0,0,0,0
	.db 0,0,0,0,0,0,0,0
	.db 0,0,0,0,0,0,0,0
	.db 0,0,0,0,0,0,0,0
	.db 0,0,0,0,0,0,0,0

	.db 0,0,0,0,0,0,0,0
	.db 0,0,0,0,0,0,0,0
	.db 0,0,0,0,0,0,0,0
	.db 0,0,0,0,0,0,0,0
	.db 0,0,0,0,0,0,0,0
	.db 0,0,0,0,0,0,0,0
	.db 2,2,2,10,10,10,10,42
	.db 85,85,85,85,85,85,85,85
	.db 85,85,85,85,85,85,85,85
	.db 85,85,85,85,85,85,85,85
	.db 85,85,85,85,85,85,85,85
	.db 170,170,170,170,168,168,170,170
	.db 42,42,170,170,170,170,170,170
	.db 85,85,85,85,85,85,85,85
	.db 85,85,85,85,85,85,85,85
	.db 85,85,85,85,85,85,85,85
	.db 85,85,85,85,85,85,85,85
	.db 170,170,170,170,170,170,170,170
	.db 170,170,138,138,138,170,10,10
	.db 85,85,85,85,85,85,85,85
	.db 85,85,85,85,85,85,85,85
	.db 170,170,170,170,170,170,170,160
	.db 170,170,170,170,170,170,160,0
	.db 170,170,170,170,170,160,0,10
	.db 170,170,170,170,160,0,2,170
	.db 168,168,160,128,0,0,0,128
	.db 26,6,1,0,2,26,42,170
	.db 170,170,80,22,170,170,170,170
	.db 170,80,22,170,170,170,170,170
	.db 160,42,85,85,85,85,85,85
	.db 5,170,170,170,170,170,170,170
	.db 170,170,170,170,170,170,170,170
	.db 85,85,85,85,85,85,85,85
	.db 85,85,85,85,85,85,85,85
	.db 169,170,170,170,170,170,169,169
	.db 0,0,0,0,0,0,0,0
	.db 0,0,0,0,0,0,0,0
	.db 0,0,0,0,0,0,0,0
	.db 0,0,0,0,0,0,0,0
	.db 0,0,0,0,0,0,0,0

	.db 0,0,0,0,0,0,0,0
	.db 0,0,0,0,0,0,0,0
	.db 0,0,0,0,0,0,0,0
	.db 0,0,0,0,0,0,0,0
	.db 0,0,0,0,0,0,0,0
	.db 0,0,0,0,0,0,0,3
	.db 42,42,42,170,170,170,170,170
	.db 85,85,85,85,85,85,85,85
	.db 85,85,85,85,85,85,85,85
	.db 85,85,85,85,85,85,85,85
	.db 85,85,85,85,85,85,85,85
	.db 170,162,162,170,170,138,138,2
	.db 85,85,85,85,85,85,85,84
	.db 170,170,170,170,170,170,170,0
	.db 170,170,170,170,170,170,0,61
	.db 255,255,255,255,255,0,61,85
	.db 255,255,255,255,0,61,85,85
	.db 84,84,80,0,0,128,160,160
	.db 10,2,0,0,10,42,170,170
	.db 170,128,0,42,170,170,170,170
	.db 128,0,42,170,170,170,170,170
	.db 0,42,170,170,170,170,170,170
	.db 5,85,85,85,85,85,85,85
	.db 85,85,85,85,85,85,85,85
	.db 85,85,85,85,85,85,85,85
	.db 240,243,241,253,253,253,201,201
	.db 170,170,170,170,170,170,170,170
	.db 85,85,85,85,85,85,85,85
	.db 85,85,85,85,85,85,85,85
	.db 85,85,85,85,85,85,85,85
	.db 85,85,85,85,85,85,85,85
	.db 85,85,85,85,85,85,85,85
	.db 85,85,85,85,85,85,85,85
	.db 85,85,85,85,85,85,85,85
	.db 169,168,168,168,168,168,164,164
	.db 0,0,0,0,0,0,0,0
	.db 0,0,0,0,0,0,0,0
	.db 0,0,0,0,0,0,0,0
	.db 0,0,0,0,0,0,0,0
	.db 0,0,0,0,0,0,0,0

	.db 0,0,0,0,0,0,0,0
	.db 0,0,0,0,0,0,0,0
	.db 0,0,0,0,0,0,0,0
	.db 0,0,0,0,0,0,0,0
	.db 0,0,0,0,0,0,0,0
	.db 2,2,2,2,2,0,0,0
	.db 170,170,170,170,170,160,0,170
	.db 170,170,170,170,160,0,42,170
	.db 85,85,85,80,0,21,85,85
	.db 170,170,168,0,42,170,170,170
	.db 168,160,0,0,168,168,168,170
	.db 0,0,2,26,42,106,170,170
	.db 0,90,170,170,170,170,170,170
	.db 90,170,170,170,170,170,170,170
	.db 170,170,170,170,170,170,170,170
	.db 85,85,85,85,85,85,85,85
	.db 85,85,85,85,85,85,85,85
	.db 90,82,82,82,90,106,74,74
	.db 85,85,85,85,85,85,85,85
	.db 85,85,85,85,85,85,85,85
	.db 85,85,85,85,85,85,85,85
	.db 85,85,85,85,85,85,85,85
	.db 85,85,85,85,85,85,85,85
	.db 85,85,85,85,85,85,85,85
	.db 170,170,170,170,170,170,170,170
	.db 133,165,165,165,21,21,21,149
	.db 85,85,85,85,85,85,85,85
	.db 85,85,85,85,85,85,85,85
	.db 85,85,85,85,85,85,84,85
	.db 170,170,170,130,0,20,100,164
	.db 170,170,170,170,170,234,106,170
	.db 85,85,85,85,85,85,85,85
	.db 85,85,85,85,85,85,85,85
	.db 85,85,85,85,85,85,85,85
	.db 244,240,240,240,240,208,208,208
	.db 0,0,0,0,0,0,0,0
	.db 0,0,0,0,0,0,0,0
	.db 0,0,0,0,0,0,0,0
	.db 0,0,0,0,0,0,0,0
	.db 0,0,0,0,0,0,0,0

	.db 0,0,0,0,0,0,0,0
	.db 0,0,0,0,0,0,0,0
	.db 0,0,0,0,0,0,0,0
	.db 0,0,0,0,0,0,0,0
	.db 0,0,0,0,0,0,0,0
	.db 2,10,42,42,170,170,170,170
	.db 85,85,85,85,85,85,85,85
	.db 85,85,85,85,85,85,85,85
	.db 85,85,85,85,85,85,85,85
	.db 85,85,85,85,85,85,85,85
	.db 170,161,161,161,169,169,133,133
	.db 85,85,85,85,85,85,85,85
	.db 85,85,85,85,85,85,85,85
	.db 170,170,170,170,170,170,170,129
	.db 85,85,85,85,85,85,85,85
	.db 85,85,85,85,85,85,85,85
	.db 170,170,170,170,170,170,170,169
	.db 74,106,170,42,42,42,170,170
	.db 85,85,85,85,85,85,85,85
	.db 85,85,85,85,85,85,85,85
	.db 85,85,85,85,85,85,85,85
	.db 85,85,85,85,85,85,85,85
	.db 85,85,85,85,85,85,85,85
	.db 85,85,85,85,85,85,85,85
	.db 170,170,168,168,168,170,170,170
	.db 106,106,170,170,170,170,170,170
	.db 85,85,85,85,85,85,85,85
	.db 85,85,85,85,85,85,85,85
	.db 170,170,169,164,160,170,170,170
	.db 128,70,24,0,3,170,170,170
	.db 85,85,85,85,85,85,85,85
	.db 85,85,85,85,85,85,85,85
	.db 85,85,85,85,85,85,85,85
	.db 170,170,170,170,170,170,170,170
	.db 144,128,128,128,192,192,192,64
	.db 0,0,0,0,0,0,0,0
	.db 0,0,0,0,0,0,0,0
	.db 0,0,0,0,0,0,0,0
	.db 0,0,0,0,0,0,0,0
	.db 0,0,0,0,0,0,0,0

	.db 0,0,0,0,0,0,0,0
	.db 0,0,0,0,0,0,0,0
	.db 0,0,0,0,0,0,0,0
	.db 0,0,0,0,0,0,0,0
	.db 2,2,2,2,10,10,10,10
	.db 85,85,85,85,85,85,85,85
	.db 85,85,85,85,85,85,85,85
	.db 85,85,85,85,85,85,85,85
	.db 85,85,85,85,85,85,85,85
	.db 170,170,170,170,170,170,170,170
	.db 133,165,149,21,21,21,149,85
	.db 85,85,85,85,85,85,85,85
	.db 170,170,170,170,170,168,168,169
	.db 0,56,241,199,31,117,2,87
	.db 85,85,85,85,85,85,85,85
	.db 85,85,85,85,85,85,85,85
	.db 84,84,84,86,90,82,82,82
	.db 170,170,170,170,170,170,170,170
	.db 85,85,85,85,85,85,85,85
	.db 85,85,85,85,85,85,85,85
	.db 85,85,85,85,85,85,85,85
	.db 85,85,85,85,85,85,85,85
	.db 85,85,85,85,85,85,85,85
	.db 85,85,85,85,85,85,85,85
	.db 161,161,161,169,169,169,133,133
	.db 85,85,85,85,85,85,85,85
	.db 85,85,85,85,85,85,85,85
	.db 85,85,85,85,85,85,85,85
	.db 85,85,85,85,85,85,85,85
	.db 85,85,85,85,85,85,85,85
	.db 85,85,85,85,85,85,85,85
	.db 85,85,85,85,85,85,85,85
	.db 85,85,85,85,85,85,85,85
	.db 170,170,170,170,169,169,169,169
	.db 0,0,0,0,0,0,0,0
	.db 0,0,0,0,0,0,0,0
	.db 0,0,0,0,0,0,0,0
	.db 0,0,0,0,0,0,0,0
	.db 0,0,0,0,0,0,0,0
	.db 0,0,0,0,0,0,0,0

	.db 0,0,0,0,0,0,0,0
	.db 0,0,0,0,0,0,0,0
	.db 0,0,0,0,0,0,0,0
	.db 0,0,0,0,0,0,0,0
	.db 42,42,42,42,170,170,170,170
	.db 85,85,85,85,85,85,85,85
	.db 85,85,85,85,85,85,85,85
	.db 85,85,85,85,85,85,85,85
	.db 85,85,85,85,85,85,85,85
	.db 168,168,168,169,161,161,161,169
	.db 170,170,170,170,170,170,170,170
	.db 85,85,85,85,85,85,85,85
	.db 85,85,85,85,85,85,85,85
	.db 85,85,85,85,85,85,85,85
	.db 85,85,85,85,85,85,85,85
	.db 85,85,85,85,85,85,85,85
	.db 90,106,74,74,74,106,42,42
	.db 85,85,85,85,85,85,85,85
	.db 85,85,85,85,85,85,85,85
	.db 85,85,85,85,85,85,85,85
	.db 85,85,85,85,85,85,85,85
	.db 85,85,85,85,85,85,85,85
	.db 85,85,85,85,85,85,85,85
	.db 85,85,85,85,85,85,84,84
	.db 133,165,37,37,21,21,53,53
	.db 85,85,85,85,85,85,85,85
	.db 85,85,85,85,85,85,85,85
	.db 85,85,85,85,85,85,85,85
	.db 85,85,85,85,85,85,85,85
	.db 85,85,85,85,85,85,85,85
	.db 170,170,170,170,170,170,170,170
	.db 85,85,85,85,85,85,85,95
	.db 170,170,170,170,170,169,168,80
	.db 248,244,224,208,192,0,0,0
	.db 0,0,0,0,0,0,0,0
	.db 0,0,0,0,0,0,0,0
	.db 0,0,0,0,0,0,0,0
	.db 0,0,0,0,0,0,0,0
	.db 0,0,0,0,0,0,0,0
	.db 0,0,0,0,0,0,0,0

	.db 0,0,0,0,0,0,0,0
	.db 0,0,0,0,0,0,0,0
	.db 0,0,0,0,0,0,0,0
	.db 2,2,2,2,10,10,10,10
	.db 85,85,85,85,85,85,85,85
	.db 85,85,85,85,85,85,85,85
	.db 85,85,85,85,85,85,85,85
	.db 85,85,85,85,85,85,85,85
	.db 170,170,170,170,170,170,170,170
	.db 163,143,143,143,175,15,31,31
	.db 85,85,85,85,85,85,85,85
	.db 85,85,85,85,85,85,85,85
	.db 85,85,85,85,85,85,85,85
	.db 170,170,170,170,170,170,170,171
	.db 85,85,85,85,85,85,85,170
	.db 170,170,168,168,160,160,128,0
	.db 170,42,42,42,42,10,0,0
	.db 85,85,85,85,85,85,0,0
	.db 85,85,85,85,85,64,0,0
	.db 85,85,85,85,85,0,0,0
	.db 170,170,170,170,160,0,0,0
	.db 85,85,85,85,0,0,0,0
	.db 170,170,170,168,0,0,0,0
	.db 252,240,192,0,0,0,0,0
	.db 42,10,2,0,0,0,0,0
	.db 85,85,95,0,0,0,0,0
	.db 170,170,80,0,0,0,0,0
	.db 85,127,0,0,0,0,0,0
	.db 255,168,0,0,0,0,0,0
	.db 165,0,0,0,0,0,0,0
	.db 85,0,0,0,0,0,0,0
	.db 0,0,0,0,0,0,0,0
	.db 0,0,0,0,0,0,0,0
	.db 0,0,0,0,0,0,0,0
	.db 0,0,0,0,0,0,0,0
	.db 0,0,0,0,0,0,0,0
	.db 0,0,0,0,0,0,0,0
	.db 0,0,0,0,0,0,0,0
	.db 0,0,0,0,0,0,0,0
	.db 0,0,0,0,0,0,0,0

	.db 0,0,0,0,0,0,0,0
	.db 0,0,0,0,0,0,0,0
	.db 0,0,0,0,0,0,0,0
	.db 26,26,26,6,0,0,0,0
	.db 85,85,85,85,0,0,0,0
	.db 85,85,85,80,0,0,0,0
	.db 85,85,85,0,0,0,0,0
	.db 170,170,168,0,0,0,0,0
	.db 168,160,0,0,0,0,0,0
	.db 58,14,0,0,0,0,0,0
	.db 85,106,0,0,0,0,0,0
	.db 255,64,0,0,0,0,0,0
	.db 191,0,0,0,0,0,0,0
	.db 160,0,0,0,0,0,0,0
	.db 0,0,0,0,0,0,0,0
	.db 0,0,0,0,0,0,0,0
	.db 0,0,0,0,0,0,0,0
	.db 0,0,0,0,0,0,0,0
	.db 0,0,0,0,0,0,0,0
	.db 0,0,0,0,0,0,0,0
	.db 0,0,0,0,0,0,0,0
	.db 0,0,0,0,0,0,0,0
	.db 0,0,0,0,0,0,0,0
	.db 0,0,0,0,0,0,0,0
	.db 0,0,0,0,0,0,0,0
	.db 0,0,0,0,0,0,0,0
	.db 0,0,0,0,0,0,0,0
	.db 0,0,0,0,0,0,0,0
	.db 0,0,0,0,0,0,0,0
	.db 0,0,0,0,0,0,0,0
	.db 0,0,0,0,0,0,0,0
	.db 0,0,0,0,0,0,0,0
	.db 0,0,0,0,0,0,0,0
	.db 0,0,0,0,0,0,0,0
	.db 0,0,0,0,0,0,0,0
	.db 0,0,0,0,0,0,0,0
	.db 0,0,0,0,0,0,0,0
	.db 164,140,8,32,32,128,140,168
	.db 144,180,140,136,160,172,136,136
	.db 48,228,136,176,36,140,168,32


; The following two first values are border and background
colora:
  .byte 0,0
	.db 6,93,81,81,81,191,93,6,93,81,81,6,6,93,81,81,6,6,6,6,6,6,6,6,6,6,6,6,6,6,6,6,6,6,6,6,44,12,12,185
	.db 93,93,81,81,91,95,91,93,93,81,81,81,93,93,81,81,81,6,6,6,6,6,6,6,6,6,6,6,6,6,6,6,155,185,9,9,9,2,2,185
	.db 88,87,87,93,88,91,81,81,81,81,93,93,6,6,6,88,81,6,6,6,6,6,6,70,70,182,6,6,140,200,152,9,43,34,34,41,34,34,201,11
	.db 81,87,87,87,87,6,87,6,81,81,87,87,6,87,87,135,6,6,6,6,6,6,6,70,75,139,152,200,200,138,41,162,34,185,155,155,34,146,185,6
	.db 86,86,1,1,86,86,86,86,86,6,94,86,86,94,81,6,230,6,6,6,11,11,203,75,40,74,10,139,170,10,169,2,130,155,34,2,34,153,185,6
	.db 86,86,86,86,86,6,86,86,86,86,86,86,86,230,230,230,86,107,156,180,107,148,203,139,154,185,42,155,186,152,185,34,146,139,203,184,200,178,41,6
	.db 6,1,1,1,1,6,6,6,6,6,6,6,6,11,11,11,75,188,4,187,187,180,169,10,10,11,186,10,9,137,152,152,194,178,194,8,8,146,6,6
	.db 6,6,6,6,6,6,6,6,6,6,6,107,11,6,11,180,107,188,203,187,187,4,75,10,200,203,207,186,172,185,9,136,136,130,194,8,152,146,6,6
	.db 6,6,6,6,6,6,6,6,6,6,155,155,180,187,75,75,203,4,4,4,107,203,202,186,203,207,207,207,251,146,248,210,185,155,155,216,184,146,6,6
	.db 6,6,6,6,6,6,6,6,6,6,155,180,182,6,11,75,188,188,180,75,188,203,207,207,207,251,207,207,139,8,8,185,155,184,8,8,194,184,6,6
	.db 6,6,6,6,6,6,6,6,6,155,155,155,188,182,107,11,188,188,188,188,11,203,207,207,191,203,207,207,203,8,24,8,8,146,194,251,178,6,6,6
	.db 6,6,6,6,6,6,6,6,6,11,11,188,188,188,155,188,188,188,188,188,251,207,207,207,207,207,207,203,201,252,249,200,252,207,207,241,191,8,6,6
	.db 6,6,6,6,6,6,6,6,12,11,188,188,188,155,11,188,188,188,188,187,203,12,12,188,188,191,191,252,15,241,241,241,241,241,241,241,27,6,6,6
	.db 6,6,6,6,6,6,6,6,11,188,188,188,188,155,188,11,11,11,187,188,203,219,11,188,188,188,188,251,241,241,223,191,191,241,241,223,159,6,6,6
	.db 6,6,6,6,6,6,6,11,11,11,11,11,155,11,11,11,11,188,188,11,188,188,188,187,188,188,11,191,241,241,191,191,241,241,241,191,6,6,6,6
	.db 6,6,6,6,6,6,6,11,11,11,11,188,11,11,188,188,188,188,11,11,188,188,188,188,188,188,251,241,241,241,241,241,241,241,241,177,6,6,6,6
	.db 6,6,6,6,6,6,11,11,188,188,188,188,11,188,188,188,188,188,11,188,188,188,188,188,188,188,251,241,241,15,207,207,207,207,191,11,6,6,6,6
	.db 6,6,6,6,6,6,11,188,188,188,188,11,11,188,188,188,188,11,11,188,188,11,11,11,11,11,207,207,207,252,207,15,241,241,191,6,6,6,6,6
	.db 6,6,6,6,6,11,11,188,188,188,188,11,188,11,251,241,241,191,11,11,11,11,188,188,188,252,15,241,241,241,241,241,241,241,191,6,6,6,6,6
	.db 6,6,6,6,6,11,11,11,188,11,11,191,207,207,15,241,241,251,188,188,188,188,188,188,11,251,241,241,241,191,191,241,241,241,177,6,6,6,6,6
	.db 6,6,6,6,6,11,188,188,188,188,251,241,241,191,241,241,191,251,188,188,188,188,188,188,11,191,241,241,191,191,241,241,241,15,159,6,6,6,6,6
	.db 6,6,6,6,11,188,188,188,188,11,251,241,207,188,241,241,251,11,188,188,188,188,188,188,251,241,241,241,241,241,241,241,241,191,6,6,6,6,6,6
	.db 6,6,6,6,11,188,188,188,188,251,15,241,241,241,241,241,251,188,188,188,188,188,188,188,251,241,241,241,241,241,15,252,207,188,237,237,237,237,237,237
	.db 230,230,230,107,182,182,182,182,107,203,246,246,246,111,252,111,107,182,182,182,107,182,107,230,239,252,207,252,108,207,207,230,230,230,230,230,230,110,110,110
	.db 6,6,6,155,182,182,182,107,107,111,252,198,111,108,6,6,6,6,6,6,6,6,6,6,6,6,6,6,6,6,6,6,6,6,6,6,230,251,251,251

; The following goes to $D800 onwards
colorb:
	.db 6,13,1,1,1,15,13,6,13,1,1,6,6,13,1,1,6,6,6,6,6,6,6,6,6,6,6,6,6,6,6,6,6,6,6,6,12,2,2,2
	.db 13,13,1,1,11,1,15,13,13,1,1,1,13,13,1,1,1,6,6,6,6,6,6,6,6,6,6,6,6,6,6,6,11,2,2,2,2,2,2,2
	.db 8,8,8,13,13,11,1,1,1,1,13,13,6,6,6,13,1,6,6,6,6,6,6,6,6,6,6,6,12,10,10,2,9,2,2,11,2,2,2,9
	.db 1,7,8,8,8,6,8,6,1,1,8,8,6,8,8,7,6,6,6,6,6,6,6,6,11,10,10,10,10,10,10,2,2,2,2,2,2,2,2,6
	.db 14,14,1,1,14,14,14,14,14,6,14,14,14,6,1,6,6,6,6,6,11,4,4,10,10,10,10,10,10,10,2,2,2,2,2,2,2,2,2,6
	.db 6,6,6,6,6,6,6,6,6,14,14,6,6,6,6,6,6,4,4,4,4,4,4,10,10,10,11,10,10,10,2,2,2,2,2,2,2,8,9,6
	.db 6,1,1,1,1,6,6,6,6,6,6,6,6,6,6,6,6,4,4,4,4,4,4,10,10,10,10,10,10,10,2,2,8,8,8,8,8,8,6,6
	.db 6,6,6,6,6,6,6,6,6,6,6,9,6,6,6,6,4,4,4,4,4,4,10,10,10,10,10,12,15,8,8,8,8,8,8,8,8,8,6,6
	.db 6,6,6,6,6,6,6,6,6,6,6,6,6,6,6,6,4,4,4,4,4,4,8,12,15,15,15,15,12,8,8,8,8,8,8,8,8,8,6,6
	.db 6,6,6,6,6,6,6,6,6,6,6,6,6,6,6,6,4,4,12,12,12,15,15,15,15,12,15,15,12,8,8,8,8,9,8,8,8,9,6,6
	.db 6,6,6,6,6,6,6,6,6,11,6,6,6,9,12,12,12,12,12,12,12,15,15,15,12,15,15,15,8,8,8,8,8,8,8,8,8,6,6,6
	.db 6,6,6,6,6,6,6,6,6,12,12,12,12,12,12,12,12,12,12,12,12,15,15,15,15,15,15,15,8,8,8,15,8,1,1,1,1,8,6,6
	.db 6,6,6,6,6,6,6,6,11,12,12,12,12,12,12,12,12,12,12,12,15,15,15,15,15,12,12,11,1,1,1,1,1,1,1,1,15,6,6,6
	.db 6,6,6,6,6,6,6,6,12,12,12,12,12,12,12,12,12,12,12,12,12,12,12,12,12,12,12,1,1,1,1,1,1,1,1,1,11,6,6,6
	.db 6,6,6,6,6,6,6,11,12,12,12,12,12,12,12,12,12,12,12,12,12,12,12,12,12,12,12,1,1,1,1,1,1,1,1,1,6,6,6,6
	.db 6,6,6,6,6,6,6,12,12,12,12,12,12,12,12,12,12,12,12,12,12,12,12,12,12,12,12,1,1,1,1,1,1,1,1,15,6,6,6,6
	.db 6,6,6,6,6,6,11,12,12,12,12,12,12,12,12,12,12,12,12,12,12,12,12,12,12,12,1,1,1,1,1,1,1,1,1,11,6,6,6,6
	.db 6,6,6,6,6,6,12,12,12,12,12,12,12,12,12,12,12,12,12,12,12,12,12,12,12,12,1,1,1,1,1,1,1,1,1,6,6,6,6,6
	.db 6,6,6,6,6,11,12,12,12,12,12,12,12,12,12,11,11,12,12,12,12,12,12,12,12,11,1,1,1,1,1,1,1,1,1,6,6,6,6,6
	.db 6,6,6,6,6,12,12,12,12,12,12,1,1,1,1,1,1,1,12,12,12,12,12,12,12,1,1,1,1,1,12,1,1,1,15,6,6,6,6,6
	.db 6,6,6,6,6,12,12,12,12,12,12,1,1,1,1,1,1,12,12,12,12,12,12,12,12,1,1,1,1,12,1,1,1,1,11,6,6,6,6,6
	.db 6,6,6,6,12,12,12,12,12,12,1,1,1,15,1,1,1,12,12,12,12,12,12,12,12,1,1,1,1,1,1,1,1,1,6,6,6,6,6,6
	.db 6,6,6,6,12,12,12,12,12,12,1,1,1,1,1,1,12,12,12,12,12,12,12,12,12,1,1,1,1,1,1,12,1,15,13,13,13,13,13,13
	.db 6,6,6,14,6,6,6,6,12,15,6,6,6,12,6,14,14,14,14,14,14,14,14,11,6,12,14,12,15,6,6,6,6,6,6,6,6,14,14,14
	.db 6,6,6,6,6,6,6,12,12,11,6,15,12,2,6,6,6,6,6,6,6,6,6,6,6,6,6,6,6,6,6,6,6,6,6,6,6,12,12,12

